DOF:
  joint_names: ['gripper_joint']
  motor_names: ['gripper_motor']
  gear_ratio: [1.0] # 8.24448529412 results from 7.1875 * (39 / 34) from the output gear
  current_slope: [0.626]
  current_offset: [0.0]
  calibration_initial_angles: [0.0]
  directions:        [1.0]
  torque_directions: [1.0]
  calibration_encoder: [4.4834423477927574, 4.4834423477927574, 3.5856800916826863, 4.4834423477927574, 3.5856800916826863, 4.4834423477927574, 3.5856800916826863] # deprecated
  calibration_joint_vive: [-0.2689415593931021, -0.2689415593931021, 0.085327798760949689, -0.2689415593931021, 0.085327798760949689, -0.2689415593931021, 0.085327798760949689] #deprecated
  # Publish all joint states -----------------------------------
  hardstop_torque_limit: 0.1
  joint_state_controller:
    type: joint_state_controller/JointStateController
    publish_rate: 500  
  # Position Controllers ---------------------------------------
  gripper_controller:
    filter_length: 20
    type: koko_controllers/GripperController
    root_name: DOF
    gripper_joint:
      p: 0.01
      d: 0.0
      max_torque: 1
      min_torque: -1
      max_angle: 1.4
      min_angle: -4.6  



